"","year","X1","X2","X3","X4","X5","X6","X7","X8","X9","X10","X11","X12","X13","X14","X15","X16","X17","X18","X19","X20","X21","X22","X23","X24","X25","X26","X27","X28","X29","X30","n"
"1","1993",0.0207952857886995,0.0139218983145669,0.0234087039437173,0.00496340295372608,0.0279654062634753,0.0900564626407419,0.072232544399345,0.0465488426908814,0.0430267942947838,0.0112399145715602,0.038899453209178,0.0311299161678222,0.0717173806969713,0.00870595660869841,0.0113391575569036,0.0505819631616954,0.0488289631671339,0.117771405003484,0.0181512130287076,0.0215773125810274,0.0184536719450135,0.0168223882532837,0.034292889473973,0.00802847730858419,0.0372671778758997,0.0169224672130145,0.0285923736001587,0.0104547007593922,0.0508662349944104,0.00543764153315136,1224
"2","1994",0.0311750223772682,0.0223843823359905,0.0521575482277504,0.00493499190129663,0.0236926138185627,0.106734642586646,0.0575888105494693,0.0445864318467332,0.0372603221904126,0.0124306965690287,0.0373948768647258,0.0330469330205086,0.069017636058015,0.00986393306498352,0.0109446720702116,0.0727498804496554,0.0389389685824036,0.0737698548095621,0.0190864908571894,0.0336221486824855,0.0202036038504274,0.0218622207579509,0.029282411965254,0.0101886727117437,0.0331149075801178,0.0169792801346043,0.0248995124863659,0.011163325569827,0.0353386860734626,0.00558652200734731,2479
"3","1995",0.0403272983119171,0.0262260146308298,0.0437724991189467,0.00522432746711782,0.0206832409537179,0.090493829559883,0.0643567750588209,0.0378328450349189,0.0359218527153649,0.014279479904881,0.0431653955598291,0.036286264727652,0.0556113720728849,0.0140463498476984,0.0113969940432192,0.105062430605573,0.0414675375729288,0.0469708057765778,0.0227857080749987,0.0225987939326467,0.0212353547022708,0.0225389806531543,0.0271473420237591,0.016467253486328,0.0360823928960561,0.0201377935911143,0.0271117048699063,0.013057827875991,0.0300123349864379,0.00769919994457543,4918
"4","1996",0.0428551540406387,0.0394308582820205,0.0450944463153072,0.00497621718684068,0.0257919030208105,0.0757326951139111,0.0517732017098889,0.0341810356591607,0.0326639146875628,0.0156494452278099,0.0451640339434614,0.0473047842619684,0.0509973629851712,0.0202773467608089,0.015094307423435,0.0871527679727064,0.0468131741808436,0.033091945308262,0.0293152788808048,0.0208087607601215,0.0199994710800273,0.0296768046263155,0.023488442019968,0.0212066302653098,0.0322780682021428,0.022957975579199,0.0265353791206446,0.0149611526937879,0.0344166921721185,0.0103107505189524,9130
"5","1997",0.042796563845453,0.0414868342716259,0.048184848988149,0.00491371190578868,0.0261095898662628,0.072089020261321,0.0502355061013742,0.0366412078384509,0.030217310048832,0.0158202308903868,0.0453806549873618,0.0540129020922237,0.0472913723731458,0.019937016338911,0.0164849521583042,0.0791000370550597,0.0482847101666745,0.0312570234510623,0.0349220880647438,0.0222794694584437,0.0194837689158976,0.0276903151202002,0.0226872791832526,0.020124933357121,0.0312035410372466,0.0226553329076763,0.0259196706208156,0.0161056120298961,0.0362383087931508,0.0104461878711686,9725
"6","1998",0.0422487868703843,0.0431902123958071,0.0469702907482044,0.00504860944364533,0.0263843483790666,0.0720158864870721,0.0505709382449129,0.0346715049416659,0.0293706958937162,0.0158527415463479,0.0462431144830575,0.0589319095615521,0.0483208502313859,0.0195596150643908,0.0184370570840051,0.0731424454396926,0.0474123671198672,0.0311420832813219,0.0374390423736475,0.0218778978838267,0.0192397185569707,0.0280527520989129,0.0207742959547718,0.0205463082584197,0.0305079192119523,0.0216363322369863,0.0281379326949932,0.0158048348509182,0.0360676712534659,0.010401837409039,9721
"7","1999",0.041984788937221,0.0488192831301916,0.0480965455219933,0.0052262900394335,0.022855175285394,0.0698600012824612,0.0528007031810506,0.0334282682150078,0.0280238335658705,0.0160216609324113,0.0436851224746087,0.0615801164550615,0.0491935504178227,0.0191124994098848,0.0274956915603429,0.0651882307724071,0.0448574788793604,0.032131066371561,0.0417534743641363,0.0219562375802878,0.0183990376475622,0.0262949006833746,0.0212939252397851,0.0196478924386301,0.0288318693998045,0.0202984505831067,0.0275142827260101,0.0152692510632729,0.0383007568372901,0.0100796150046556,9501
"8","2000",0.0438572751523719,0.0528760621376084,0.0495922368714481,0.00611522748918902,0.0232292600184664,0.0683589947657625,0.0516748697748817,0.031439447611313,0.0272927586677503,0.0158263442897655,0.0447729450488135,0.0653859875099079,0.0458960299662606,0.0219445992471612,0.0293105335161813,0.0576650905486432,0.0422714632657556,0.0318281393592252,0.0440133334128099,0.0228575895789533,0.0186688884934003,0.0259286894233167,0.0200301547976626,0.0196392981136835,0.0275195394281504,0.0194157946296836,0.027838861013207,0.0151986916636828,0.0381851120281438,0.0113667821768007,9339
"9","2001",0.0436073357659571,0.0509598338539223,0.0443598528445007,0.0107458906177055,0.0237067731269323,0.0639170584923665,0.0539155404398561,0.0314044087142873,0.0292664533891128,0.0164523742865484,0.0461248541543036,0.0672632667511115,0.0446605841376239,0.0228747905886631,0.0254135732783478,0.0568332633387482,0.0432794956711009,0.0349762437720193,0.0444844135348267,0.0215446689534629,0.0187053244570053,0.0247357735698875,0.0197489892448178,0.0199404948732652,0.0270699881681473,0.0192370465653297,0.0302901861536991,0.0152722231086603,0.0363168882473138,0.0128924099004771,8632
"10","2002",0.0433128449914931,0.048518742875664,0.0433004662966106,0.0224513859477313,0.0217921589607419,0.062411571873305,0.0560864519471647,0.0315657093123333,0.0303775428087788,0.0176260845998364,0.0445394722251687,0.0689328285521984,0.0444297378104272,0.0222951119110469,0.0234765825775336,0.0531622184450439,0.0423780809118905,0.0339367610011171,0.0458300472313445,0.020518616534512,0.0197178576125744,0.0251046590443143,0.0193526362633719,0.0194028511585177,0.0272472694606308,0.0195207127041176,0.0303311821485432,0.0156664378290984,0.0329455291904604,0.0137684477744291,8081
"11","2003",0.0416999628295619,0.0440996975634123,0.0408350827194848,0.0313648697783803,0.0213908954266173,0.0575722495506031,0.0583772691069907,0.0316335504300904,0.0308789821833784,0.0189475902103788,0.042069349454067,0.0670713734432864,0.0396044808476836,0.0225387578029836,0.0235594400987456,0.0508159974471644,0.0422423950621279,0.0349965438935596,0.0457385291998091,0.0206832385075024,0.020754430148473,0.0263232855843546,0.0213083843306582,0.0208568084366598,0.0278962156066738,0.0202702430555792,0.0315788345225779,0.017711504702567,0.0300848877447582,0.017095150311871,8134
"12","2004",0.0406369093351517,0.0407366489297172,0.0375530640679764,0.0390578725683126,0.0216248299084317,0.0539783758268308,0.0553019049706459,0.030926446882226,0.0305736354218412,0.0200144941951112,0.0417911599762082,0.0675825095118425,0.0401698782251494,0.0222424578778626,0.0247048123420667,0.0461862709584899,0.0394030486138077,0.0377781857435691,0.0463339044665001,0.0210935791689255,0.0226169645114345,0.0256076383732448,0.0212975606441818,0.0222041028554128,0.0276728162436004,0.0205948905331244,0.0330713023732063,0.0206256526635087,0.0291192653158195,0.0194998174958006,8577
"13","2005",0.0416803684784584,0.038873857842192,0.0399786916492102,0.0476451248429291,0.0220712982355163,0.0538593264841075,0.0561483972442334,0.0319950786036533,0.029782016700561,0.0210036823712219,0.0417535877745814,0.0473161218617701,0.039738575060495,0.0219537158070542,0.0255916740461548,0.0436949468211518,0.0391068020701899,0.0379578030272499,0.0491594256535942,0.0220309087040933,0.0230202256938734,0.0261310938463735,0.0206565323671592,0.0228894608050987,0.0304788410041894,0.0215406546484497,0.0341821850091488,0.0193164928226205,0.0288238471438885,0.0216192633807807,8567
"14","2006",0.0417418236694468,0.0369048633492652,0.0406227179241298,0.0525894836687048,0.0223095605082761,0.0511333315794414,0.0572786405012887,0.0322956375645787,0.0294100300923186,0.0213599296204911,0.0403126177923454,0.0381841396351841,0.0410025494904388,0.0220281635960733,0.0263929316661748,0.0417730985285655,0.0386136856872461,0.0347190191823505,0.0514058085262329,0.0228156128428219,0.0236670580942286,0.0268413136927158,0.0213837279564438,0.023534565628229,0.0326578961135375,0.0210690407183445,0.0357801637088442,0.0205302012174623,0.0277436741159848,0.0238987133288352,8517
"15","2007",0.0419122570812338,0.0372609263672662,0.0376519281641867,0.052030287783461,0.0217236872638644,0.0493515311955094,0.0569040274295574,0.0295850801326196,0.0284075839406167,0.0207595867656975,0.0477374664959559,0.0388877013313416,0.0403718720603231,0.0214160333588149,0.0271087046617776,0.0402950713883321,0.037698006649856,0.0334435689727908,0.0547571905905856,0.0225070038397053,0.0236783343478496,0.0257980646616483,0.0238209289246461,0.0233724623438108,0.0343634428320376,0.0192044571498395,0.0406685543052425,0.0185004714814245,0.0255242706707226,0.0252594978092829,8078
"16","2008",0.0394297139523413,0.0358087461668367,0.0323851066340164,0.0527328540077406,0.0206834267265026,0.0438179181663727,0.0520551356468421,0.0271351310991232,0.0227793733132011,0.0200032552992128,0.0762016341796328,0.0483851994014139,0.0357273579051949,0.0214584746643318,0.034814059576069,0.0402190017813546,0.0353213666487565,0.0298598289134543,0.054035519790856,0.0243595818099726,0.0251422518236945,0.0228670014320849,0.0360340716316005,0.0216128641306136,0.0361458903854367,0.0175381230135007,0.0354369365584929,0.0146208042225925,0.0220253289518631,0.0213640421668949,8990
"17","2009",0.0394993130292691,0.0360236605318687,0.0311517370445508,0.0543734309878713,0.0199259732561019,0.043427884455155,0.048777117138525,0.0270540585219774,0.0219449825286646,0.0201634494724923,0.0747716238960242,0.0480456109912972,0.0361678375236634,0.02117870678997,0.0371671469793018,0.0395004469483499,0.033936240018875,0.0318984480338301,0.0554577785774497,0.0246237419799104,0.0263190955263439,0.0222548017498905,0.0380339981742688,0.0216258601745191,0.0377476746295455,0.0169185940039652,0.0351276819651678,0.0150716894122608,0.0213974353755528,0.0204139802833377,9122
"18","2010",0.0408125888637652,0.0362153746260957,0.0312419542058498,0.0556462287441066,0.0194105398461105,0.0425262614726703,0.0504434124839293,0.0275819482152804,0.0208759759179754,0.0202359835938231,0.0733639684172603,0.0463905072764655,0.0328014913228962,0.0209209857958413,0.0376739764244087,0.0401902132214002,0.0321675170154961,0.0315409268463401,0.0572138564182478,0.0246119390992068,0.0274034433857537,0.0225928678755961,0.0379600970365373,0.0213572239887327,0.038927171428034,0.0168902116981944,0.0350707498395264,0.0148976524424326,0.0210201077540293,0.022014824743994,8743
"19","2011",0.0401732046198194,0.0342731109692093,0.0333751272017447,0.0549013713857497,0.0187168251172862,0.0424148929397389,0.0505571494525572,0.0274194067093271,0.0203749899234504,0.0209557108161209,0.0722553760745154,0.0447625066189833,0.0337174660601495,0.0207298672008034,0.0373467095002442,0.0408707386722977,0.032562401706649,0.0311303307037419,0.0561942391128002,0.0257619494677476,0.0261607255637794,0.0224024342055433,0.0392787096128665,0.0219882674586077,0.0403238899003672,0.0170243895599826,0.0375175685361524,0.0144749144908716,0.0188491856453779,0.0234865407735157,8418
"20","2012",0.0398695855275292,0.034937422829368,0.0335710526685965,0.0535718421759892,0.0196924666449711,0.0415573108091191,0.0480398738321067,0.0271292521184719,0.0205297348845492,0.0209924616067464,0.0686119634613388,0.0424835923750768,0.0323812255460734,0.020944563952339,0.039564109070133,0.042047517043564,0.0322470990722921,0.0309829932206438,0.0590914465345385,0.0255903056940499,0.0251296393984911,0.0224326111031471,0.0388483239504219,0.021347038745421,0.0428613690480912,0.0168372067959967,0.0402824310755572,0.0148263214927879,0.0184736988811521,0.0251255404414372,8035
"21","2013",0.0389467737937067,0.0357325411833989,0.0324135599260876,0.0522430665252228,0.0194291349290357,0.0405718170785943,0.0470865543714176,0.0275512479664612,0.0209830076750139,0.0213865255502856,0.0666306225265625,0.0401550745717145,0.0319772237093546,0.0218357299180076,0.0406378910240599,0.0430365415127321,0.0321024241367247,0.0309618190083737,0.0610590093833886,0.0253460051230956,0.0249914867245915,0.0233324403081293,0.0362873993733124,0.021306427135124,0.0436513266751754,0.0171103843666472,0.0399152465755306,0.0149302097224116,0.0176942274822031,0.030694281723637,7900
"22","2014",0.0377555124297154,0.0368771045219142,0.0315359960519966,0.0512078882381914,0.0192766808516725,0.0393600703602093,0.0474554732982807,0.0272082102699027,0.02184365481468,0.0230778945827391,0.0630158483419195,0.0381933698833955,0.0310155795571191,0.0227241603092015,0.0414384331835415,0.0437072462123391,0.0313699774445372,0.0308065431695697,0.0644853113955028,0.0246666370568561,0.0241504538455851,0.0250018741456741,0.0312110587782327,0.0226095957451949,0.0417288609425634,0.0177207935084276,0.040809178039289,0.0153008593097491,0.0168516780755194,0.0375940556364808,7705
"23","2015",0.0362314893627231,0.036886930585296,0.0320137043639083,0.0513807161982727,0.01919948161781,0.0392325333931576,0.0467267589662853,0.0275574662488839,0.0213083579301237,0.0237194556078138,0.0629433190016974,0.0379570395137854,0.0311995860154651,0.0227412201225507,0.0413929621736935,0.0425259057879513,0.0307226254669331,0.0313728393895882,0.0656830999939572,0.0250539667500224,0.0236599638408002,0.0252555931129694,0.0286140954740068,0.0237595424259985,0.0384367532828048,0.0174860382451972,0.0422717140227752,0.0152518168359318,0.0166317766205773,0.0427832476490203,7464
"24","2016",0.0366606760955929,0.0357196286855401,0.032794835462673,0.052588078642507,0.0177364586220424,0.0402045977032175,0.0465158227524225,0.0271151954863653,0.0219676887260596,0.0238796393541502,0.061334652190626,0.0365562147954482,0.0323650047205123,0.022327571580443,0.0397179665020864,0.0423643619592795,0.0300179969639151,0.0313387581304391,0.0670324699119723,0.0258669792937596,0.0241428628088088,0.0259506265451979,0.0275782218163695,0.0243251342295971,0.035489033457664,0.017323608100097,0.0427882721901643,0.016001182273458,0.0161423309964178,0.0461541300031738,7324
"25","2017",0.0358953327116119,0.0363047973552529,0.0327146220482984,0.0541022282079207,0.017736525966559,0.0384844779957922,0.0462174632026381,0.0266926539486245,0.0221954800165151,0.0245821419360471,0.0613332763318062,0.0351553435588118,0.0321824803268141,0.0218625122024828,0.0391555284008457,0.0418101768528703,0.0303655602709492,0.0316805863674582,0.0692775952731568,0.0236928062127648,0.0236934910058063,0.0259035275615639,0.0260261614998697,0.0241707185103537,0.0344260961599797,0.0169506439801549,0.0441958535250364,0.0156775407908126,0.0155271976395406,0.0519871801396626,6920
"26","2018",0.0348725908761601,0.0368866801511639,0.0312509700242101,0.0534763593338951,0.0171181610735657,0.0373689072608458,0.0472405540935491,0.0271808128759722,0.0219807537442051,0.0251929029286508,0.0613998141410759,0.0340399915251645,0.0316567438692737,0.0220879574775484,0.039414413679265,0.0410578668817238,0.0297388762727905,0.0308219376596154,0.070024573805007,0.0237146552429253,0.0236314911753606,0.0262659611368367,0.0252356840057393,0.0250075867268583,0.0321275421065492,0.0166291204125572,0.0447707981181907,0.0157839933692789,0.0153707621570339,0.0586515378749879,6762
"27","2019",0.0338045507894972,0.0374817041145794,0.031024614368029,0.0537809241656187,0.0169376995528395,0.0362232506966446,0.0472262158638618,0.0274250079894297,0.0221125743955879,0.0259220898186101,0.0621507018756413,0.0330471071485555,0.0310884331202721,0.023209753731499,0.0398014757564103,0.0391946808032261,0.0288146514725988,0.0311095806341626,0.0727526836608341,0.0240685836019199,0.02334813151688,0.0268544898358843,0.0246172765580517,0.0246994290533146,0.0299346847093318,0.01621102537302,0.0430086273916799,0.0160202248357309,0.0150533581879069,0.0630764689783823,6584
"28","2020",0.0304061402548291,0.0353178647826489,0.0266329100488331,0.0551003479130985,0.0160878191868153,0.03061746344461,0.0422818706030139,0.0254259914811554,0.0210721306017732,0.0239964953454384,0.0857122640846774,0.0352750922583576,0.0273848044191102,0.0251180674690774,0.0383255771766397,0.0348178511519585,0.0272365271373801,0.02798515965592,0.088480809278189,0.0220220938691253,0.021655673575593,0.0287454936381145,0.0226917062531008,0.0242481893360697,0.025217249460717,0.015505131825458,0.0409058734351388,0.0180363877732948,0.0138225532602601,0.0698744612796025,6777
